// Example grid
// grid = [
//     [1, 1, 1, 1, 1, 1, 1, 1, 1, 1, 1, 1, 1, 1, 1],
//     [1, 0, 1, 0, 0, 0, 0, 0, 0, 0, 0, 0, 0, 0, 1],
//     [1, 0, 0, 0, 0, 0, 0, 0, 0, 0, 0, 0, 0, 0, 1],
//     [1, 0, 0, 0, 0, 0, 0, 0, 0, 0, 0, 0, 0, 0, 1],
//     [1, 0, 0, 0, 0, 0, 0, 0, 0, 0, 0, 0, 0, 0, 1],
//     [1, 0, 0, 0, 0, 0, 0, 0, 0, 0, 0, 0, 0, 0, 1],
//     [1, 0, 0, 0, 0, 0, 0, 0, 0, 0, 0, 0, 0, 0, 1],
//     [1, 0, 0, 0, 0, 0, 0, 0, 0, 0, 0, 0, 0, 0, 1],
//     [1, 0, 0, 0, 0, 0, 0, 0, 0, 0, 0, 0, 0, 0, 1],
//     [1, 1, 1, 1, 1, 1, 1, 1, 1, 1, 1, 1, 1, 1, 1],
// ];

// Example grid 10 x 15
// grid = [
//     [1, 1, 1, 1, 1, 1, 1, 1, 1, 1],
//     [1, 0, 0, 0, 0, 0, 0, 0, 0, 1],
//     [1, 0, 0, 0, 0, 0, 0, 0, 0, 1],
//     [1, 0, 0, 0, 0, 0, 0, 0, 0, 1],
//     [1, 0, 0, 0, 0, 0, 0, 0, 0, 1],
//     [1, 0, 0, 0, 0, 0, 0, 0, 0, 1],
//     [1, 0, 0, 0, 0, 0, 0, 0, 0, 1],
//     [1, 0, 0, 0, 0, 0, 0, 0, 0, 1],
//     [1, 0, 0, 0, 0, 0, 0, 0, 0, 1],
//     [1, 0, 0, 0, 0, 0, 0, 0, 0, 1],
//     [1, 0, 0, 0, 0, 0, 0, 0, 0, 1],
//     [1, 0, 0, 0, 0, 0, 0, 0, 0, 1],
//     [1, 0, 0, 0, 0, 0, 0, 0, 0, 1],
//     [1, 0, 0, 0, 0, 0, 0, 0, 0, 1],
//     [1, 1, 1, 1, 1, 1, 1, 1, 1, 1],
// ]